123345267 1
1234526378 1
1234562127 1
1223413567 1
123455463785 1
1234567662 1
123456147862 1
123414541623 1
12345463127 1
1234567618910 1
1234551678 1
1234563637 1
1233451677 1
1233451678 1
12345678142 1
1234546781798610 1
123452126 1
1234456578 1
123341141 1
1234566375 1
1231456789110 1
12345267428910 1
12345146768910 1
12334567853 1
123453617 1
12345612768910 1
12341526378491011 1
123456247 1
1231432567 1
123341567 1
12345653768 1
1223456758 1
1223456789310 1
1233433526 1
12341536175 1
12314356217 1
123425526 1
122324567 1
1234125263 1
1234356712 1
12314456257 1
12324567883927 1
123456754 1
123456751 1
1234516738910 1
1234356737839 1
12345625789107 1
12345267485 1
12345267481 1
1234551617268 1
12345326257 1
12345672821 1
123456117 1
12345678910523411 1
1232442567 1
12345634789 1
1234546781798 1
1234564789310 1
1232456758 1
12314567813 1
1234567891089 1
12345617825910 1
12345678976 1
12324525 1
12345367389105911 1
12312435426 1
1233245267 1
12131456 1
123324566789 1
12345637829 1
123425676289 1
12321423 1
12343156478571 1
1234315647857189 1
12334546787 1
122345674 1
123143 1
123144 1
1223451627 1
1234546758 1
123456782389 1
1234546752 1
12333456 1
12342561789 1
12334564346 1
12345678931061011 1
121343156 1
12345678169410 1
12345657782 1
123456178910371112 1
12345264728 1
12344567389582101 1
12345657896 1
121324567 1
1231415 1
12344523 1
12345678921011 1
123456785269 1
1234566738 1
12345656789 1
1223455666738910117121387 1
1234256378 1
12342356728 1
1234356522 1
12345674182 1
1221345416 1
12345674189 1
12345645718 1
1234221567275 1
12234256 1
123455671 1
123244256784 1
123435632 1
123421536 1
123453667 1
12234567389 1
12345678191010115312 1
123142456789 1
1231445652789 1
1234564178 1
1234563178 1
1234567132489 1
1234314 1
1234564378 1
12343253 1
1234567839510 1
122324356 1
123415662789 1
1223455456 1
12345678971011 1
1234564778 1
12314245678910 1
12324526789 1
123456563 1
12334151 1
123341567819 1
123345643467 1
123456167 1
1234536132738 1
12223 1
12324567892 1
12345677863 1
12345676849 1
12134567489 1
123455453 1
1234565124738 1
1234564231728 1
1232456721 1
1223433567 1
1234421 1
1223455367891011126 1
123456764 1
1234567834910 1
1234544678 1
1234567452 1
12345336467378 1
12342567789 1
123456271638 1
12345673839 1
123244256 1
12345464789 1
1233456278471945 1
12332332442 1
1213452 1
1213451 1
12321415 1
123425126 1
1234567863 1
1234567865 1
1234521678 1
1231456172 1
12341567895 1
1231456178 1
12345672658 1
1232435 1
12234561748 1
123456789102311 1
12345647389 1
123242567 1
12134546718 1
123454467 1
123245673891011101213 1
12334335263 1
123455126 1
12345164758 1
1234536738910 1
12344512 1
123324546778 1
12344516 1
1234556278 1
12345657538 1
122341563 1
122341567 1
123452674819 1
1234567883 1
1234567887 1
12212234153642 1
1234251613 1
1231245 1
1234562745 1
123451467889 1
12324256789 1
12134567839221011 1
123456738910 1
12234543678 1
1233415674389 1
12345463785 1
1232451536 1
12314545 1
12345146478 1
123456789103 1
12345671289 1
12134514 1
123245256 1
1234562367 1
123453673 1
1234125676289 1
12345678293 1
1234563768 1
123453673839 1
123421256 1
1234526781910111213141 1
1234526627 1
123452671 1
123456748389 1
12324563728 1
123456572 1
123454676428 1
123454263 1
123415264 1
123425167 1
1232425526 1
123241553 1
1234542 1
1234541 1
122314567898410 1
1234545 1
123345467489 1
12345267829 1
1234562788796 1
1234154674891011312 1
12312456728 1
12345367238 1
12334526 1
123456474 1
1232445657 1
123121456 1
1234121 1
1233454662 1
1234125 1
121314567 1
123455678910 1
12345667386 1
1223454 1
12131431567 1
1234565127 1
1234567789103 1
1234567876 1
1234567871 1
122345657 1
1213456178 1
12314561728 1
12345121 1
1234513167 1
1223451647 1
123454362 1
123435366373891011129 1
1223456174 1
12234526 1
1234156378 1
12234561734 1
123242556 1
123415167 1
12345234 1
122314256 1
1223455666789210111210138714138 1
12311324 1
123456175854 1
1234566728591011 1
1234567879103 1
1233415623 1
12334332536 1
1233415627 1
121345467 1
1233411567 1
1234256578 1
123241536 1
1234567895 1
1234567894 1
1232454267 1
122133145 1
12334561789 1
122342351678 1
1234562755 1
123245462 1
1234526437 1
123451637189 1
1231435 1
12234567839 1
1221345674789 1
123456789110 1
123456789310621112 1
12345678493 1
1232425567891011 1
12134526 1
1234567258910 1
12345678910611 1
1231343 1
1234562378 1
1231345 1
1234253627 1
1234536478 1
123341536 1
12321245 1
12324567389 1
123345678981021112 1
123456748891011 1
12312435 1
12342516137 1
1234567317 1
12345674892 1
1234564718910 1
1234356278 1
1231455637 1
12312435567891021211 1
1234536738195110 1
123456543 1
1234356656 1
12345672819 1
12345467817495 1
12345367318 1
123145672368 1
123455267869 1
123456789106311 1
12345677689 1
122345536789101112651311148215 1
1234115 1
12334536 1
1234445 1
123456378279 1
1233454674 1
12314567289 1
123442 1
1232342125 1
12345643778 1
1223445673 1
1231324536789 1
12345676489 1
12134234567849 1
12345667289 1
122345647 1
12345136 1
1122 1
123145678319 1
1213456784819 1
1233456433789 1
123445671 1
12324456789 1
1223242 1
123456715823 1
1234145 1
1234567867819 1
12334256789 1
122344356 1
1234567892510811 1
1234567658 1
1231456783679 1
1234567892710 1
1232425 1
1231244235 1
12342567238 1
123431564 1
123456789274 1
1234153617 1
12345678679 1
1234565785 1
1234565784 1
123455311 1
123451657 1
1234567289810 1
123451653 1
1231423 1
1234565787910 1
121341546 1
12134536 1
12134532 1
123435667 1
123453656 1
123453657 1
1234567418 1
123454667 1
12345267891011 1
12341561 1
123145563789 1
12345617891011 1
1234563781 1
12345627891 1
1234563782 1
1234563786 1
1234567468910 1
1234322 1
123451262789 1
1232456521 1
123456377 1
123452657 1
123425362 1
12343567378 1
123425642758 1
1232456678 1
12345633789101112131415913 1
12324522456 1
12343562789 1
123453363361 1
121345627 1
121345621 1
123324556 1
1233433567 1
123345143456 1
123425167891011712 1
123441564 1
123425612 1
12324565 1
1234567889788 1
12324562 1
123456657891011 1
1234565784910 1
12345637869 1
12345647895481011 1
12213415 1
1223141563 1
1234546537 1
1234516647 1
122343156 1
123415361 1
123415367 1
1123456 1
123456789910 1
1234561578 1
12234567891011 1
12345672689 1
12345678291011 1
1223456789510 1
12345156 1
12314567819 1
1233452 1
1233456751 1
12345637288 1
1232456789101112 1
1223435167 1
1231435678 1
12314156 1
1234561378 1
121345367389 1
1234564787954 1
123145166 1
1232415623 1
1234567823921011 1
1231421516728 1
1233454678910 1
12345632738 1
1234256723891 1
1234567287910 1
1223241567 1
123145657891011 1
1234562578 1
12345136789 1
12324562578910 1
1234565787910111213 1
123451467 1
123344545 1
12234567189 1
123345146 1
123456789310 1
12342451678 1
12345461 1
12314556235 1
1234315627 1
123245467 1
1233415467 1
12345637548 1
1231456782 1
1234556789101111312 1
1233411526678 1
12334335 1
1233451434567 1
12345678429 1
123425678991011 1
123432567891011 1
1234526678 1
123452643 1
12334567489 1
12345672879 1
1231454671 1
123456412 1
123456417 1
12345677829 1
123324567289 1
123456632 1
12324567839 1
1234564247 1
12334514 1
12334511 1
12345645178910 1
1234567278910 1
12345542657 1
1234567863910 1
12132456789110611 1
12343526 1
123143562178 1
123454631278 1
123245657589 1
123435246 1
123425678910 1
12344356738 1
122345627 1
123456789710 1
123454645723 1
1232456478 1
123345542678 1
1223451673 1
1213456783 1
1213456782 1
12345647894 1
123414516 1
111234567869321093 1
1212 1
123452617489 1
123455167 1
1231451617 1
123415678910 1
123245675 1
123245674 1
1234567684 1
123423356 1
12345662 1
12345627658 1
123423351 1
12345332673 1
123456573859101112 1
123445656 1
1234516718 1
12345363478 1
12345678659 1
123451675 1
1234256782 1
1234356377 1
12344567831439 1
12345116 1
12345446 1
12345647385648 1
123445653789 1
12341546 1
1223142567 1
123456787910 1
1234335678 1
123454613427 1
123452647289 1
12345462678 1
1234556781923 1
12345674118 1
1234536278 1
123143562 1
123456751234 1
123142567 1
12334451 1
123425678910711 1
1234526718 1
12345678910116 1
12345678910117 1
12345678910113 1
1234567895610 1
1234531678 1
12345546378 1
123425637 1
1234531671 1
1234565789610 1
12345126778 1
12234156 1
1234352678910 1
123456378249 1
121344356 1
1234561178 1
1234561771 1
12332453 1
123456512789 1
12334546778910641011 1
12324125 1
1213245 1
1234456278 1
123456673891031152210 1
12334567898102111213 1
12314567831 1
12234565 1
12234563 1
12341565789 1
1231456728 1
123345426 1
1231456723 1
1233456778 1
1223415 1
12342556 1
1233433 1
1231214567 1
12345526727 1
123454637859 1
12345678239210 1
1232456521789 1
123456478910 1
123456476289 1
1232141 1
123432534 1
123432536 1
12345365789 1
1234562789110 1
12345652 1
12345321627 1
12334554267859 1
123415126 1
1234567489101112 1
12345667587 1
1234515678 1
123245678931011 1
1221345671 1
123451627 1
1221345672 1
1234542567 1
1221345678 1
12345645178 1
123245667 1
123142156 1
12345647489 1
123435678356 1
1234534567 1
12345627128 1
12345516789 1
1234456478 1
12341556 1
123124425 1
1234355633789 1
123423526 1
1234567358 1
12345617168 1
123456784910111213 1
123456147864910 1
1234526657 1
1231234256 1
12345461378 1
12234556667892101112101387141385155165175151617165 1
123452623 1
123452621 1
1234243 1
121345616 1
1234526728 1
12345673589 1
12345678359 1
12345267892 1
123143356 1
123423562 1
12345674389101112133141516217 1
122342564 1
122342567 1
122343564 1
1234564789541011 1
123453617845 1
12345678910610 1
12345167859 1
1234562781794 1
1234431 1
123145346 1
1234516237 1
12342567892 1
12234355678 1
12345673859 1
12345367689645 1
123144567 1
1233456278471945101112 1
1234566789109 1
123415645783 1
1233455678 1
122345678569 1
12345616789 1
1231324536748 1
12345416478 1
123452617 1
12345663 1
123456124789107 1
123314 1
1234521267 1
12345416787 1
12342543 1
123145678910 1
12342545 1
1234546278 1
1234254678 1
1233456768 1
12345263 1
12345261 1
123456786781 1
12334156278 1
123145161 1
123224 1
123425567869 1
12345647891011 1
12345465 1
12345464 1
12345637892 1
1232425678910 1
1234567538596 1
123343343 1
122345678910211 1
12345667285910 1
123343345 1
123431456 1
1234546427891011 1
123425637289 1
123124256758 1
123345627 1
12344356 1
123345675489 1
1234566741 1
12345678236 1
123415667123415 1
1234533647436261 1
1232124526 1
121324 1
1234415647 1
1234562451 1
12314516718 1
123452346 1
12345642789 1
123452627892107 1
12345678695 1
12312425676892 1
122134156 1
1234253 1
1234251 1
123456341 1
1234567287 1
12345234346 1
1232452657 1
12323421567 1
123425657 1
1234356178 1
12345671417 1
123453361 1
12324321 1
123456511 1
1234322356 1
12343151267 1
123412 1
1234516758 1
121345678392210 1
12332454677 1
12324256 1
122345613278 1
1234561537 1
123455426 1
1233411 1
12234556728910811612131165141516891781812 1
12345256 1
12345678981011 1
1234546736 1
12345678249101411 1
123145156 1
122323 1
12345436 1
1221223415364 1
12343225 1
12234565789 1
12345657839 1
123435676895 1
123432556 1
12345657831 1
12345631 1
12341546748910 1
122134565378 1
1223435617 1
12345647389101112 1
1233425676 1
123345367 1
123415674 1
123134567 1
1234536783931011 1
12345678910211121314 1
12342124 1
1234512678 1
123456788910 1
122345617684 1
12345657845910 1
123456478291011 1
121345674 1
1234514678 1
1234546781749510 1
1234252678294 1
123455678619 1
12234256378 1
123345567 1
12311415 1
12232456 1
12312145 1
1232145678910 1
1234356783 1
1234356782 1
1234356781 1
1234523467 1
1232445627789 1
1234536787 1
12322423 1
12345673618 1
123456725859 1
1234536788 1
123452367689 1
1234235678 1
1234536765 1
1234554678 1
121345364 1
12345265475 1
123453673891011 1
123456454 1
12231435 1
1234566178 1
1234567485 1
1234567481 1
123456789523 1
12332345 1
12345678972 1
123456575623 1
1234356768 1
1234315647789101148109 1
123345675 1
12345663783 1
12332425 1
1234534 1
1234533 1
1234532 1
1234531 1
12134561 1
12345631748 1
12345467842910 1
1233245367 1
1234566378910 1
123144145 1
12342562 1
12342564 1
12345627893 1
12343562 1
12343561 1
12343566 1
123415267 1
12345246 1
12324255678 1
12345678910523 1
123145637 1
123454636 1
1234526378269 1
123415316 1
123432567 1
12345332 1
12345336 1
12345625 1
12345624 1
12345623 1
123423152 1
12345116434 1
1234536347 1
12342516789106 1
123445167 1
1234526578 1
12345678910371112513 1
12345675282 1
12345466715 1
12312456 1
123433567 1
1232456237 1
1231415467 1
123144533617 1
12345678746 1
12314415 1
1234415678910 1
1234563471 1
1234567683910 1
1234563478 1
12342564721 1
12345246473 1
123452367 1
123452621789 1
123454667849 1
12345216785 1
1234256726 1
12234567894101112813 1
1233456278971091112 1
123345647 1
123345646 1
123345643 1
123241245 1
1234356378 1
123456787291051112 1
1234536378 1
1234567538910 1
123456781694 1
1234215426 1
123425671 1
12314546717 1
12342567836910 1
12314546718 1
123431564785718 1
123431564785719 1
121345627838 1
1234567381 1
1234567383 1
1234562789710111213 1
123456711 1
123143256 1
12345663758 1
1234564547 1
12314567891106 1
12342564786519108 1
1234567378910 1
12345262789271011 1
1234524 1
1234525 1
12345676418 1
1234567891052311 1
12234156378 1
121345678910 1
122345542 1
122345546 1
123144156 1
123456765 1
12314252 1
1234556748 1
1234567389101112 1
12345647895410 1
123214 1
12234456 1
1234566789310 1
1233455426 1
122343 1
123345672627 1
122344 1
12342352 1
12345433 1
12344215 1
12345657584 1
123453262578 1
12345345 1
123453262573 1
12345614 1
12345615 1
1234567815 1
1234567825 1
12231456785 1
1233432567829 1
11111 1
12234553678910111265913141512816171614610 1
12324566789 1
1234526237 1
11222 1
1234567851910 1
123245625 1
12345678191210 1
12345678927 1
1231454 1
122134561 1
12345161785194 1
12345674389 1
123134125 1
12344563 1
12334562784794 1
1233242 1
1234567638 1
12345567484910 1
12345674258 1
1232454621 1
12334561786259 1
12314356271238 1
12345672891011 1
123456788719 1
1234565778 1
1234564731 1
1234564738 1
123453673819511011 1
122134345 1
123456471 1
12345678397 1
123453627 1
12324456524 1
1234536789210 1
1234456738958251 1
12345678956 1
12334567248 1
1234563738 1
123435367 1
1221343567 1
1234353 1
123435567 1
1234351 1
123452678239 1
1234561728 1
123456726 1
123456723 1
123456718910 1
12345678826 1
123455164274 1
1213424567 1
123456157468 1
12234125678 1
1234514 1
12324425 1
1234152364 1
123244562 1
1234567891053 1
12345367289 1
1232456768 1
12324516 1
12314567238 1
1234325461 1
1234546748910 1
123145617 1
12345678910211 1
123456378923 1
1234565178 1
12324567782391011 1
123114156 1
12345425 1
1234154678 1
123244565247 1
1234154672 1
1234563417 1
12345354 1
12345353 1
1234354678 1
1234561273 1
12324536 1
1223435647 1
123456781429 1
12345516 1
1234251657 1
1231413567 1
12314565789 1
12341456 1
1234156127 1
1232143256 1
1234567648 1
12345645127 1
12314567831910 1
12344565678 1
12345617889101 1
1234556768 1
1234562678 1
123212452 1
1234562178910 1
1234456789510 1
12345678769 1
123245367 1
1234562785 1
12345678765 1
12213454678 1
12345612768 1
12334546478 1
123455467829 1
1233451657 1
1222345678971043111041213 1
12341567438 1
12345614786491011 1
1234567418910 1
123451567 1
1234542647 1
12345678981021112 1
12345642476 1
12345675489 1
1234536735 1
123345662 1
123456465 1
123456467 1
123453637 1
12345678389 1
12345647893101112 1
1233456178910 1
12345678549 1
1234511654 1
123425667 1
12345267885910 1
12345678945 1
12345678942 1
12345678943 1
1234567859101 1
1234345 1
1234341 1
12345675849101 1
123456734 1
123456367859 1
123124256768954 1
12324215 1
1234556478 1
12324565758 1
123453456 1
123456137 1
123456134 1
12345635732891011121314 1
123455467 1
12345654347 1
123455463 1
123456789108911 1
12343567891011 1
12334561 1
12334565 1
12334566 1
12345677285 1
1234546427 1
1232425671 1
1234565756234 1
122345236 1
123456789109119812 1
1213456378 1
12345637689 1
12345367389 1
1223142 1
1234567842 1
12345434678 1
12345163 1
12345164 1
123456478941041112131 1
12332324 1
12345562789 1
1231456127 1
123145267 1
1233234 1
12345562 1
123415674389 1
123451637 1
12342563 1
123456787391011 1
1234566278910 1
1234356789106112412 1
1232124 1
12345664372 1
12334532653 1
12345676896910 1
123456274548 1
1234135 1
123453613273 1
12345678719 1
12234567589 1
12341556789 1
122314 1
12342516278519610 1
12334256758 1
1234567839710 1
12324567189 1
12345674838 1
1232456372 1
1234562714 1
1234567849310 1
12324526789101112 1
1223455678 1
1234562778 1
123341156 1
1234256713 1
123454678910 1
12324564 1
123345674 1
123345676 1
123425465 1
123345672 1
123345673 1
1234567283 1
12134562 1
1234563537 1
12342256 1
123454251467 1
1231454367 1
12324563 1
1223456748694 1
1234567689101161213 1
1223456745 1
12345678911011 1
12345652378 1
1223454678 1
1234567489103 1
1234563754 1
1234567489105 1
1213145 1
1223456783 1
1234456758 1
123425467381 1
1231234567 1
123456746 1
123456741 1
123456742 1
1234567829218 1
123245637886941011121310 1
12345673189 1
1233411526 1
12345672368 1
123456474168 1
1234515 1
12213456748 1
122134567478910 1
1232456783910 1
1234561678 1
12345261718 1
12234435167 1
12345678291011121213141515 1
12334567518 1
1234456378 1
1232456748 1
12345675389101112 1
1233456278 1
12345671589 1
12345671859 1
123145676 1
123145673 1
123454673 1
12131445 1
123144561 1
12345637839 1
12314456718 1
1223456678 1
123452678728910 1
12345631784 1
123456721891011 1
12324156 1
12345234678 1
1231451671 1
1223451653728 1
12234235167 1
123455615 1
123324562789 1
1234567894761011 1
1231452678 1
12341567389 1
1233445 1
12345672578910 1
123415263478 1
12345165178 1
1233456728 1
1234552367489 1
1231456578 1
123145467178 1
123453167383910 2
1234536537 2
12314526 2
121234 2
12345236789 2
1234567489641011 2
123456752 2
123451642678 2
12345126278910 2
123145467 2
12324521 2
1233456758 2
1223415678 2
12334546789 2
123142 2
1231456789 2
1234533617 2
123453678910 2
1234562738 2
1234561278 2
123451623 2
1234563517 2
1223145678 2
123456578478 2
1231441567 2
123453267 2
12334156 2
123241546 2
1234565789101112 2
1234554 2
1234221 2
1234567248 2
1232456728 2
1234425 2
123145657 2
1213453 2
1234567867 2
1234516478 2
1223451637 2
12234535 2
1231456778 2
12341256 2
12345678529 2
1232445 2
123456782910 2
123456789108 2
12134516 2
123453671 2
12343567829 2
1232456272889 2
1234536768964510 2
1234567846239 2
123456351 2
12345678879 2
121345647 2
12314235 2
12345667389 2
1223452 2
1223453 2
1234562578910 2
1213445 2
1231453467 2
123414567 2
1231456768 2
123456578910 2
1233411561 2
1232451 2
1234353678 2
123415617 2
1234152678 2
123451647 2
12232 2
12113 2
123452667 2
123241567 2
12231456 2
123456787 2
1233454678 2
12345672789 2
1234212567 2
123456728981051112 2
123452674289 2
12234516 2
1223245 2
1213454678 2
1223456378 2
12341567189 2
122345678910 2
12314565 2
1234565678 2
12341563 2
1234565478 2
1234215 2
1234564789 2
1234554536 2
1234567238 2
1234454 2
122345637 2
12234516738 2
1233451 2
1233453 2
1233454 2
1221 2
123456782910112101213 2
1231456789110611 2
12342315267 2
123415637 2
1234562178 2
123245267 2
123456527 2
123456523 2
123453167389 2
1234561789 2
12321456 2
1213456789 2
123243 2
12344255 2
123445657 2
12232415678 2
12345675889 2
12234156789 2
12324124567 2
1232432156 2
123452637 2
123456537 2
12334456 2
123324536 2
12213456718 2
12345267885 2
12321 2
12324121 2
123445467 2
123245627288 2
1232145 2
122344567 2
123454567 2
1234567867910 2
123415657 2
1231145 2
12345621789 2
1231453637 2
121345617 2
12345632789 2
12332 2
12234556 2
123341534267 2
1233425 2
12345266 2
12345265 2
12345264 2
123456748910511 2
12345463 2
12345643 2
1234556728 2
12345567768 2
12341525 2
1234567588 2
123425436 2
123456478931011 2
123456427 2
123456347 2
1234561758 2
122345167 2
1233145 2
123435643 2
1234516578 2
123456178910 2
123456457189 2
12345615789 2
122345367 2
12345635 2
12345632 2
12345633 2
123124 2
123455647 2
12342567891011 2
1234567438 2
123456517 2
12345674879 2
123241256 2
123456457 2
1234526748 2
123425647 2
123424 2
123421 2
123422 2
12343563 2
123454637 2
1234565237 2
12313456 2
123456637589 2
123245637 2
1233415367 2
1234567628 2
123452167 2
1231451 2
123425672 2
12341526789 2
1231456578910 2
123415256 2
1234516178 2
12324456 2
123123456 2
123212 2
123454627 2
12345611 2
12345657589 2
1234567281910 2
1223435678 2
1223456278 2
123245627 2
1234556776 2
123456447375781 2
123345657 2
123456473 2
123456476 2
123456274 2
12345321 2
1234354 2
123453536 2
123456727 2
123456724 2
12334115 2
1233445456 2
1234512 2
12345651278 2
1234325367 2
1213415 2
12345356 2
12345678991011 2
1234567823 2
12345665789 2
1234523678 2
12324562789 2
1234536738 2
123345467 2
123456267 2
12334345 2
1234563728 2
1223455467 2
123456736 2
1234454678 2
123342 2
12334562 2
123342567 2
1234533267 2
12231456475263 2
123456789810 2
12345361 2
12345364 2
12345365 2
12345165 2
1234526787289 2
1234565378 2
1234567538 2
1234456567 2
12314515 2
1234536728 2
1234356437 2
123456257 2
123425261 2
12345678539 2
12334356 2
12234456257 2
123456748910 2
123454256 2
1234564578 2
1234567268 2
123453467 2
12314135678 2
12324421 2
123456783152 2
1213435 2
123243215 2
1231451678910 2
1234315647 3
1234567189 3
1234325678 3
123452673 3
12123 3
12342562789 3
12231 3
123145647 3
123456378910 3
12345546 3
12213 3
1223425647 3
12345657849 3
12345627289 3
12314536 3
1234567468 3
1234563778 3
123456567 3
1234225 3
1234552 3
1234567869 3
122345667 3
1223455 3
12334335267 3
1234567889 3
123456789210 3
12314546 3
1232456738 3
12345126 3
1234567892 3
1234567896 3
123452678859 3
12332456728910 3
12314356 3
123443 3
12345367358 3
12334115267 3
12234356 3
12342563728 3
1234567128 3
12343516 3
1222 3
123452467 3
123452647 3
12343145 3
1223451678 3
1233456748 3
123454164789 3
123245672 3
12334546627 3
1232456278 3
12343156 3
1234565758910 3
12234566 3
1223145 3
12345654 3
12345612789 3
1234526278 3
1213456748 3
123456786 3
1234565784789 3
123456726859 3
12345462 3
12345641 3
123415467 3
12342516 3
12345678239 3
123453216 3
1234252 3
1234254 3
1234526738 3
1234546367 3
1234456789 3
1233415 3
12345416 3
12345326 3
12234516789 3
122134567489 3
1234566578 3
1234256278 3
1234256478 3
123453167 3
123456748911011 3
123431 3
12342356 3
1232456257 3
12345634 3
123456273 3
123456276 3
1234513 3
123456127 3
12345426 3
1234567824 3
123455678 3
1234155 3
123455267 3
123341546 3
123435167 3
12345162 3
1232456378 3
12314516 3
123425467 3
1234526789 3
123425267 3
111 3
123456778910 3
123456743 3
1234151 3
12345316738910 4
1234567865910 4
122314567 4
1234567859 4
123456237 4
12234536 4
123454267 4
1234235 4
1234435 4
123456778 4
123456786910 4
1234567893 4
1234567278 4
123456781 4
123456783 4
123456785 4
123456788 4
12334546 4
1123 4
12134356 4
1234566789 4
12345216 4
123456768910 4
123145167 4
123451267 4
1234516789 4
1234256789 4
12345674689 4
1234567218 4
12332456 4
1233435 4
123456437 4
122343567 4
12342546 4
12343546 4
1223435 4
122324 4
1234535 4
12345621 4
1234563278 4
12334256 4
12314256 4
123456627 4
12345346 4
123456721 4
1234156789 4
123245216 4
123343 4
1234153 4
12345316738391011 4
123435637 5
1234315 5
121345678 5
1234567891 5
123456784 5
1234562768 5
12343536 5
123456789101112 5
123425627 5
123456728910 5
12345526 5
12341536 5
12332456789 5
123456678 5
123456783910 5
123244567 5
1234567824910 5
1234567849 5
1234566 6
12343566567 6
123456178 6
1232452 6
123445678 6
1231425 6
1234563789 6
123456378 6
123455 6
1234567789 6
12345678249 6
1234567689 6
12341526 6
123456789510 6
1232456789 6
1234523 6
123456657 6
1234567829 6
12345567 6
123345678 6
1231451678 6
1234556 7
123324567 7
123245678910 7
12345236 7
1223456789 7
123456781910 7
1232445678 7
12345672 7
12345677 7
123241 7
12345667 7
1232415 7
123456327 7
123415678 7
1234356789 7
123456784910 7
12134156 7
1234567819 7
12342526 7
122345678 8
1233245678 8
1234567589 8
1234521 8
122134567 8
123456728 8
12134567 8
1234567289 8
123145678 8
1233456789 9
122134 9
1234562789 9
12345675 9
1234567489 9
1234567389 9
12344567 9
121 9
1234565789 10
1234536789 10
12314567 10
123456738 10
123456782 11
1234546789 11
12345671 11
12345676 11
1234567839 11
1233245 12
123452678 12
123435678 12
12344 12
123451678 12
123456718 12
123324 12
123456768 13
1221345 13
12345674 13
12234567 13
1231 14
12343567 14
122 14
123456748 14
123453678 15
12341567 15
12345673 15
123242 15
1234567891011 15
123454678 15
1234565 16
12213456 16
1234561 17
1213456 17
1234456 17
1112 17
123425678 17
123456478 17
123145 18
123456578 18
1232 18
123245678 18
121345 18
1234564 19
123445 19
123454 19
1231456 19
123456278 19
12345167 19
123456758 20
12324526 20
12341 20
12345617 20
12343 21
12314 24
1213 24
12345367 24
12342 25
1233 26
123453 26
1234563 27
12342567 27
1234562 28
123451 28
12345467 28
12334567 28
1223456 29
123435 29
1234516 29
12345657 30
112 30
1234536 31
12345647 32
12345637 32
1234546 33
12134 33
12324567 34
12324 35
122345 35
1234156 35
12234 36
1234356 36
123452 37
1223 38
12345267 38
123415 43
1234256 44
123245 46
12345627 48
12345678910 48
1232456 50
123425 51
123345 56
1234526 57
1233456 59
12334 59
11 78
123456789 136
12 159
123 277
1 287
12345678 338
1234567 518
1234 544
123456 667
12345 822
